Leitura 1: 1019
Leitura 2: 1021
Leitura 3: 1022
Leitura 4: 1022
Leitura 5: 1022
Leitura 6: 1021
Leitura 7: 1021
Leitura 8: 1020
Leitura 9: 1023
Leitura 10: 1023
Leitura 11: 1023
Leitura 12: 1020
Leitura 13: 1020
Leitura 14: 1019
Leitura 15: 1022
Leitura 16: 1023
Leitura 17: 1023
Leitura 18: 1021
Leitura 19: 1020
Leitura 20: 1021
Leitura 21: 1023
Leitura 22: 1022
1019
1022
1022
1023
1020
1022
1023
1021
1022
1021
1021
1023
1021
1023
1022
1022
1021
1023
1023
1021
1023
1020
1023
1022
1021
1022
1021
1021
1023
1021
1023
1021
1023
1023
1020
1023
1022
1023
1023
1022
1023
1022
1023
1023
1021
1023
1021
1023
1022
1022
1023
1021
1023
1022
1021
1023
1022
1023
1021
1021
1023
1021
1023
1021
1021
1023
1021
1023
1021
1022
1022
1021
1023
1022
1022
1023
1019
1023
1022
1023
1023
1021
1023
1020
1023
1022
1021
1023
1022
1023
1023
1021
1023
1021
